1 1 : 4.50471e-005 0.999955 5.98994e-032 4.9339e-095 
2 2 : 0.999999 3.63759e-007 6.23151e-007 1.06338e-016 
3 3 : 9.85173e-007 0.999999 9.81988e-041 1.18048e-091 
4 4 : 0.999999 8.34795e-016 9.81594e-007 3.90681e-022 
5 5 : 9.43749e-007 4.27655e-020 0.999999 6.44754e-025 
6 6 : 0.00546375 0.859591 0.134945 7.38359e-082 
7 7 : 0.306004 1.59993e-055 7.76313e-014 0.693996 
8 8 : 0.999999 2.18702e-013 9.56051e-007 4.20008e-018 
9 9 : 0.999999 3.63759e-007 6.23151e-007 1.06338e-016 
10 10 : 0.229068 0.770932 5.86394e-009 6.81642e-081 
11 11 : 0.999999 5.73676e-008 8.85428e-007 6.55358e-015 
12 12 : 0.318713 1.01173e-044 2.04822e-037 0.681287 
13 13 : 0.2941 0.7059 2.02911e-029 1.15183e-068 
14 14 : 1.04409e-030 1.96001e-075 0.356978 0.643022 
15 15 : 9.9964e-007 7.40767e-067 0.999999 1.70786e-095 
16 16 : 0.999999 4.22002e-039 9.87262e-007 8.89009e-051 
17 17 : 0.999999 2.73453e-011 9.41078e-007 2.15857e-019 
18 18 : 0.338655 9.25255e-052 0.661345 6.99831e-100 
19 19 : 0.999999 1.29992e-043 9.93338e-007 4.40396e-057 
20 20 : 0.0719058 4.49076e-067 0.928094 7.43267e-098 
21 21 : 0.581674 1.92345e-050 0.418326 7.12948e-106 
22 22 : 0.999948 1.17807e-075 5.16224e-005 4.61857e-104 
23 23 : 0.792724 5.85761e-069 0.207276 1.90872e-097 
24 24 : 0.262256 1.11083e-052 5.84415e-005 0.737685 
25 25 : 1.04409e-030 1.96001e-075 0.356978 0.643022 
