function [x]=scannedregn(chrid)


R=[
1	2257698	2357698
1	4091585	4091585
1	6252602	6256214
1	8388321	8488321
1	13837010	14037010
1	22244298	22686941
1	23501374	23501374
1	26588445	26688445
1	26708675	26708675
1	27095184	27108799
1	30003494	30103494
1	30463238	30470193
1	32103494	32603494
1	32294381	33012772
1	35203494	35403494
1	35203494	35403494
1	35203494	35403494
1	35203494	35403494
1	35212692	35268309
1	35212692	35268309
1	35220185	36718240
1	35220185	36718240
1	35220185	36718240
1	35220185	36718240
1	35323494	36313494
1	35323494	36313494
1	37207458	37207458
1	40103494	40203494
1	40203494	40303494
1	41183494	41573494
1	44130735	44216046
1	46847019	46847019
1	48168685	48168685
1	48480026	48941870
1	52188666	52876476
1	53200470	53400470
1	53839742	54128428
1	55560567	55660567
1	58116410	58316410
1	63660567	63760567
1	64660567	64760567
1	65360567	65460567
1	65460567	65560567
1	65860567	65960567
1	67119762	67319762
1	68460567	68610567
1	70260567	70460567
1	72360567	72460567
1	72370567	72850567
1	73110567	73710567
1	73110567	73710567
1	73110567	73710567
1	73160567	73260567
1	73260567	73360567
1	73260567	73260567
1	73301005	73301005
1	74160567	74260567
1	74860567	74960567
1	74916633	74916633
1	74960567	75060567
1	75160567	75260567
1	75260567	75360567
1	75460567	75560567
1	75560567	75660567
1	75960567	76060567
1	75975515	75975515
1	76260567	76360567
1	76860567	76960567
1	78161083	78161083
1	78860567	78960567
1	82860567	83010567
1	87070567	87380567
1	90510567	90660567
1	92260567	92360567
1	92280567	93090567
1	92280567	93090567
1	92910567	93110567
1	94110567	94210567
1	98496874	98496874
1	99469740	99469740
1	99991055	99991055
1	103251365	103451365
1	106439481	106589481
1	109853068	109853068
1	113289481	113389481
1	113419196	113619196
1	113589481	113689481
1	113689481	113789481
1	115218525	115218525
1	115259363	115259363
1	117389481	117489481
1	118589481	118689481
1	118989481	119089481
1	119417166	119417166
1	153653551	153753551
1	153753551	153853551
1	153853551	153953551
1	153874586	153881368
1	155890832	156090832
1	158008316	158008316
1	158813333	158813333
1	159303551	159403551
1	159653551	159753569
1	160734966	160834966
1	161754254	162289987
1	164298905	164298905
1	167384966	167634966
1	167834966	167934966
1	167934966	168034966
1	169435208	169435208
1	170984966	171084966
1	171434966	171534966
1	171534966	171634966
1	171634966	171734966
1	171734966	171834966
1	172104155	172109404
1	172213358	172213358
1	176664715	176705268
1	179346642	179546642
1	182434966	182534966
1	185234966	185334966
1	185234966	185334966
1	187039364	187239364
1	187045364	187245364
1	188034966	188184966
1	192434966	192534966
1	193134966	193234966
1	193234966	193334966
1	194984966	195084966
1	196754966	196954966
1	212554925	212754925
1	217878228	217978228
1	218578228	218678228
1	223859888	223959888
1	225959888	226059888
1	226059888	226159888
1	226159888	226259888
1	236194474	236394474
2	7866853	8016853
2	9282574	9282574
2	9666853	9766853
2	17141853	17241853
2	17241853	17341853
2	17888897	17888897
2	17910965	17910965
2	18341853	18441853
2	20976124	25013157
2	20976124	25013157
2	20976124	25013157
2	20976124	25013157
2	20976124	25013157
2	20976124	25013157
2	20976124	25013157
2	20976124	25013157
2	20976124	25013157
2	20976124	25013157
2	20976124	25013157
2	20976124	25013157
2	21241853	21341853
2	21591853	21691853
2	21591853	21691853
2	21641853	21741853
2	21641853	21741853
2	21641853	21741853
2	21641853	21741853
2	21708289	21908289
2	21741853	21741853
2	21741853	21741853
2	24441853	24441853
2	24591853	24791853
2	24591853	24791853
2	24591853	24791853
2	24641853	24741853
2	24741853	24841853
2	24741853	24741853
2	24841853	24941853
2	24841853	24841853
2	37341853	37441853
2	38052186	38052186
2	39072857	39494243
2	39072857	39494243
2	39341853	39441853
2	39341853	39441853
2	39341853	39341853
2	41541853	41641853
2	41641853	41741853
2	43473431	43473431
2	43541853	43641853
2	43841853	43941853
2	51641853	51641853
2	56191258	56191258
2	63265353	63581528
2	64241853	64341853
2	65689572	65689572
2	68741853	68741853
2	69441853	69541853
2	70316106	73269190
2	70316106	73269190
2	70316106	73269190
2	70316106	73269190
2	70316106	73269190
2	70316106	73269190
2	70316106	73269190
2	70316106	73269190
2	71510052	72419965
2	71510052	72275668
2	71510052	72275668
2	72247307	72869095
2	72247307	72869095
2	72247307	72869095
2	72247307	72869095
2	72247307	72869095
2	72247307	72869095
2	72257330	72457330
2	72641853	72741853
2	73228883	73228883
2	73741853	73891853
2	73841853	73941853
2	74394425	74859210
2	74394425	74859210
2	74641853	74741853
2	74641853	74741853
2	74641853	74641853
2	76241853	76341853
2	78341853	78441853
2	78441853	78541853
2	80441853	80541853
2	81431911	81631911
2	81941853	82041853
2	82041853	82141853
2	82715501	82915501
2	83041853	83141853
2	83241853	83491853
2	83341853	83441853
2	83441853	83541853
2	83441853	83441853
2	84411853	84751853
2	84481853	84851853
2	84481853	84751853
2	84641853	84641853
2	84822111	84863202
2	84822111	84863202
2	84822111	84863202
2	84841853	84941853
2	84841853	84941853
2	84841853	84941853
2	86541853	86641853
2	86641853	86741853
2	88841853	88941853
2	89241853	89391853
2	95240009	95251872
2	95241853	95881853
2	95241853	95881853
2	95241853	95881853
2	95241853	95881853
2	95241853	95881853
2	95257799	95275330
2	95366810	95383663
2	95389705	95478434
2	95779903	95779903
2	96191853	96691853
2	96276514	96335136
2	98307914	98407914
2	99407914	99507914
2	99507914	99607914
2	100780555	100780555
2	107310732	107510732
2	107507914	107607914
2	107607914	107707914
2	108157914	109007914
2	108157914	109007914
2	108157914	109007914
2	108157914	109007914
2	108157914	109007914
2	108157914	109007914
2	108157914	109007914
2	108157914	109007914
2	108157914	109007914
2	108157914	109007914
2	108157914	109007914
2	108157914	109007914
2	108157914	109007914
2	108207914	108307914
2	108207914	108307914
2	108257914	109027914
2	108257914	109027914
2	108257914	109027914
2	108257914	109027914
2	108257914	109027914
2	108257914	109027914
2	108257914	109027914
2	108257914	109027914
2	108257914	109027914
2	108257914	109027914
2	108257914	109027914
2	108257914	109027914
2	108316567	108879038
2	108316567	108879038
2	108316567	108879038
2	108316567	108879038
2	108316567	108879038
2	108316567	108879038
2	108316567	108879038
2	108316567	108879038
2	108403337	108403337
2	108407914	108507914
2	108507914	108607914
2	108507914	108507914
2	108607914	108707914
2	108607914	108607914
2	108843332	109043332
2	108907914	109007914
2	109007914	109107914
2	109007914	109007914
2	114303951	114424536
2	116000240	116000240
2	121524461	122017615
2	121524461	122017615
2	121550240	121700240
2	122000240	122000240
2	122200240	122300240
2	122400240	122500240
2	125800240	125900240
2	125900240	126000240
2	126100240	126200240
2	126200240	126300240
2	126300240	126400240
2	126389225	126589225
2	127000240	127100240
2	131882738	131882738
2	134882738	136432738
2	134882738	136432738
2	134882738	136432738
2	134882738	136432738
2	134882738	136432738
2	134882738	136432738
2	134882738	136432738
2	134882738	136432738
2	134882738	136432738
2	134882738	136432738
2	134882738	136432738
2	134882738	134882738
2	135382738	135482738
2	135482738	135582738
2	135482738	135482738
2	135582738	135682738
2	135582738	135582738
2	135682738	135782738
2	135682738	135682738
2	135782738	135882738
2	135782738	135782738
2	135882738	135982738
2	135882738	135882738
2	135882738	135882738
2	135982738	136082738
2	135982738	135982738
2	136082738	136182738
2	136082738	136082738
2	136182738	136282738
2	136182738	136182738
2	136382738	136482738
2	136482738	136582738
2	136582738	137132738
2	136582738	137132738
