M1	M2	11	12	21	22	sample_size
1	2	NaN	NaN	NaN	NaN	88
1	3	NaN	NaN	NaN	NaN	85
1	4	NaN	NaN	NaN	NaN	79
1	5	NaN	NaN	NaN	NaN	71
1	6	NaN	NaN	NaN	NaN	89
1	7	NaN	NaN	NaN	NaN	89
1	8	NaN	NaN	NaN	NaN	89
1	9	NaN	NaN	NaN	NaN	87
1	10	NaN	NaN	NaN	NaN	89
1	11	NaN	NaN	NaN	NaN	89
1	12	NaN	NaN	NaN	NaN	85
1	13	NaN	NaN	NaN	NaN	89
1	14	NaN	NaN	NaN	NaN	89
1	15	NaN	NaN	NaN	NaN	89
1	16	NaN	NaN	NaN	NaN	89
1	17	NaN	NaN	NaN	NaN	88
1	18	NaN	NaN	NaN	NaN	89
1	19	NaN	NaN	NaN	NaN	87
1	20	NaN	NaN	NaN	NaN	88
1	21	NaN	NaN	NaN	NaN	89
1	22	NaN	NaN	NaN	NaN	89
1	23	NaN	NaN	NaN	NaN	89
1	24	NaN	NaN	NaN	NaN	81
1	25	NaN	NaN	NaN	NaN	81
1	26	NaN	NaN	NaN	NaN	88
1	27	NaN	NaN	NaN	NaN	86
1	28	NaN	NaN	NaN	NaN	89
1	29	NaN	NaN	NaN	NaN	89
1	30	NaN	NaN	NaN	NaN	89
1	31	NaN	NaN	NaN	NaN	89
1	32	NaN	NaN	NaN	NaN	88
1	33	NaN	NaN	NaN	NaN	88
1	34	NaN	NaN	NaN	NaN	89
1	35	NaN	NaN	NaN	NaN	84
1	36	NaN	NaN	NaN	NaN	86
1	37	NaN	NaN	NaN	NaN	88
1	38	NaN	NaN	NaN	NaN	89
1	39	NaN	NaN	NaN	NaN	81
1	40	NaN	NaN	NaN	NaN	89
1	41	NaN	NaN	NaN	NaN	89
1	42	NaN	NaN	NaN	NaN	89
1	43	NaN	NaN	NaN	NaN	88
1	44	NaN	NaN	NaN	NaN	88
1	45	NaN	NaN	NaN	NaN	89
1	46	NaN	NaN	NaN	NaN	88
1	47	NaN	NaN	NaN	NaN	88
1	48	NaN	NaN	NaN	NaN	89
1	49	NaN	NaN	NaN	NaN	89
1	50	NaN	NaN	NaN	NaN	88
1	51	NaN	NaN	NaN	NaN	89
1	52	NaN	NaN	NaN	NaN	83
1	53	NaN	NaN	NaN	NaN	89
1	54	NaN	NaN	NaN	NaN	89
1	55	NaN	NaN	NaN	NaN	88
1	56	NaN	NaN	NaN	NaN	88
1	57	NaN	NaN	NaN	NaN	89
1	58	NaN	NaN	NaN	NaN	89
1	59	NaN	NaN	NaN	NaN	89
1	60	NaN	NaN	NaN	NaN	88
1	61	NaN	NaN	NaN	NaN	89
1	62	NaN	NaN	NaN	NaN	80
1	63	NaN	NaN	NaN	NaN	88
1	64	NaN	NaN	NaN	NaN	88
1	65	NaN	NaN	NaN	NaN	88
1	66	NaN	NaN	NaN	NaN	89
1	67	NaN	NaN	NaN	NaN	89
1	68	NaN	NaN	NaN	NaN	89
1	69	NaN	NaN	NaN	NaN	89
1	70	NaN	NaN	NaN	NaN	89
1	71	NaN	NaN	NaN	NaN	89
1	72	NaN	NaN	NaN	NaN	89
1	73	NaN	NaN	NaN	NaN	89
1	74	NaN	NaN	NaN	NaN	89
1	75	NaN	NaN	NaN	NaN	86
1	76	NaN	NaN	NaN	NaN	89
1	77	NaN	NaN	NaN	NaN	89
1	78	NaN	NaN	NaN	NaN	89
1	79	NaN	NaN	NaN	NaN	89
1	80	NaN	NaN	NaN	NaN	88
1	81	NaN	NaN	NaN	NaN	89
1	82	NaN	NaN	NaN	NaN	89
1	83	NaN	NaN	NaN	NaN	88
1	84	NaN	NaN	NaN	NaN	87
1	85	NaN	NaN	NaN	NaN	89
1	86	NaN	NaN	NaN	NaN	89
1	87	NaN	NaN	NaN	NaN	89
1	88	NaN	NaN	NaN	NaN	89
1	89	NaN	NaN	NaN	NaN	89
1	90	NaN	NaN	NaN	NaN	89
1	91	NaN	NaN	NaN	NaN	89
1	92	NaN	NaN	NaN	NaN	88
1	93	NaN	NaN	NaN	NaN	89
1	94	NaN	NaN	NaN	NaN	88
1	95	NaN	NaN	NaN	NaN	89
1	96	NaN	NaN	NaN	NaN	89
1	97	NaN	NaN	NaN	NaN	89
1	98	NaN	NaN	NaN	NaN	89
1	99	NaN	NaN	NaN	NaN	88
1	100	NaN	NaN	NaN	NaN	89
1	101	NaN	NaN	NaN	NaN	80
1	102	NaN	NaN	NaN	NaN	88
1	103	NaN	NaN	NaN	NaN	89
1	104	NaN	NaN	NaN	NaN	85
1	105	NaN	NaN	NaN	NaN	89
1	106	NaN	NaN	NaN	NaN	89
1	107	NaN	NaN	NaN	NaN	89
1	108	NaN	NaN	NaN	NaN	89
1	109	NaN	NaN	NaN	NaN	88
1	110	NaN	NaN	NaN	NaN	89
1	111	NaN	NaN	NaN	NaN	81
1	112	NaN	NaN	NaN	NaN	89
1	113	NaN	NaN	NaN	NaN	88
1	114	NaN	NaN	NaN	NaN	89
1	115	NaN	NaN	NaN	NaN	89
1	116	NaN	NaN	NaN	NaN	89
1	117	NaN	NaN	NaN	NaN	89
1	118	NaN	NaN	NaN	NaN	88
1	119	NaN	NaN	NaN	NaN	89
1	120	NaN	NaN	NaN	NaN	89
1	121	NaN	NaN	NaN	NaN	89
1	122	NaN	NaN	NaN	NaN	89
1	123	NaN	NaN	NaN	NaN	89
1	124	NaN	NaN	NaN	NaN	89
1	125	NaN	NaN	NaN	NaN	79
1	126	NaN	NaN	NaN	NaN	88
1	127	NaN	NaN	NaN	NaN	89
1	128	NaN	NaN	NaN	NaN	89
1	129	NaN	NaN	NaN	NaN	89
1	130	NaN	NaN	NaN	NaN	87
1	131	NaN	NaN	NaN	NaN	89
1	132	NaN	NaN	NaN	NaN	88
1	133	NaN	NaN	NaN	NaN	88
1	134	NaN	NaN	NaN	NaN	89
1	135	NaN	NaN	NaN	NaN	89
1	136	NaN	NaN	NaN	NaN	89
1	137	NaN	NaN	NaN	NaN	83
1	138	NaN	NaN	NaN	NaN	89
1	139	NaN	NaN	NaN	NaN	87
1	140	NaN	NaN	NaN	NaN	89
1	141	NaN	NaN	NaN	NaN	88
1	142	NaN	NaN	NaN	NaN	88
1	143	NaN	NaN	NaN	NaN	89
1	144	NaN	NaN	NaN	NaN	87
1	145	NaN	NaN	NaN	NaN	89
1	146	NaN	NaN	NaN	NaN	76
1	147	NaN	NaN	NaN	NaN	86
1	148	NaN	NaN	NaN	NaN	89
1	149	NaN	NaN	NaN	NaN	86
1	150	NaN	NaN	NaN	NaN	88
1	151	NaN	NaN	NaN	NaN	87
1	152	NaN	NaN	NaN	NaN	89
1	153	NaN	NaN	NaN	NaN	89
1	154	NaN	NaN	NaN	NaN	82
1	155	NaN	NaN	NaN	NaN	89
1	156	NaN	NaN	NaN	NaN	88
1	157	NaN	NaN	NaN	NaN	81
1	158	NaN	NaN	NaN	NaN	89
1	159	NaN	NaN	NaN	NaN	89
1	160	NaN	NaN	NaN	NaN	89
1	161	NaN	NaN	NaN	NaN	89
1	162	NaN	NaN	NaN	NaN	89
1	163	NaN	NaN	NaN	NaN	89
1	164	NaN	NaN	NaN	NaN	89
1	165	NaN	NaN	NaN	NaN	89
1	166	NaN	NaN	NaN	NaN	88
1	167	NaN	NaN	NaN	NaN	88
1	168	NaN	NaN	NaN	NaN	89
1	169	NaN	NaN	NaN	NaN	89
1	170	NaN	NaN	NaN	NaN	85
1	171	NaN	NaN	NaN	NaN	89
1	172	NaN	NaN	NaN	NaN	89
1	173	NaN	NaN	NaN	NaN	88
1	174	NaN	NaN	NaN	NaN	89
1	175	NaN	NaN	NaN	NaN	89
1	176	NaN	NaN	NaN	NaN	89
1	177	NaN	NaN	NaN	NaN	89
1	178	NaN	NaN	NaN	NaN	89
1	179	NaN	NaN	NaN	NaN	88
1	180	NaN	NaN	NaN	NaN	89
1	181	NaN	NaN	NaN	NaN	89
1	182	NaN	NaN	NaN	NaN	89
1	183	NaN	NaN	NaN	NaN	86
1	184	NaN	NaN	NaN	NaN	89
1	185	NaN	NaN	NaN	NaN	89
1	186	NaN	NaN	NaN	NaN	89
1	187	NaN	NaN	NaN	NaN	89
1	188	NaN	NaN	NaN	NaN	89
1	189	NaN	NaN	NaN	NaN	89
1	190	NaN	NaN	NaN	NaN	88
1	191	NaN	NaN	NaN	NaN	89
1	192	NaN	NaN	NaN	NaN	89
1	193	NaN	NaN	NaN	NaN	88
1	194	NaN	NaN	NaN	NaN	89
1	195	NaN	NaN	NaN	NaN	76
1	196	NaN	NaN	NaN	NaN	89
1	197	NaN	NaN	NaN	NaN	88
1	198	NaN	NaN	NaN	NaN	89
1	199	NaN	NaN	NaN	NaN	89
1	200	NaN	NaN	NaN	NaN	86
1	201	NaN	NaN	NaN	NaN	89
1	202	NaN	NaN	NaN	NaN	89
1	203	NaN	NaN	NaN	NaN	83
1	204	NaN	NaN	NaN	NaN	89
1	205	NaN	NaN	NaN	NaN	81
1	206	NaN	NaN	NaN	NaN	88
1	207	NaN	NaN	NaN	NaN	89
1	208	NaN	NaN	NaN	NaN	89
1	209	NaN	NaN	NaN	NaN	89
1	210	NaN	NaN	NaN	NaN	86
1	211	NaN	NaN	NaN	NaN	84
1	212	NaN	NaN	NaN	NaN	89
1	213	NaN	NaN	NaN	NaN	88
1	214	NaN	NaN	NaN	NaN	75
1	215	NaN	NaN	NaN	NaN	89
1	216	NaN	NaN	NaN	NaN	89
1	217	NaN	NaN	NaN	NaN	87
1	218	NaN	NaN	NaN	NaN	87
1	219	NaN	NaN	NaN	NaN	89
1	220	NaN	NaN	NaN	NaN	85
1	221	NaN	NaN	NaN	NaN	87
1	222	NaN	NaN	NaN	NaN	82
1	223	NaN	NaN	NaN	NaN	88
1	224	NaN	NaN	NaN	NaN	88
1	225	NaN	NaN	NaN	NaN	86
1	226	NaN	NaN	NaN	NaN	89
1	227	NaN	NaN	NaN	NaN	88
1	228	NaN	NaN	NaN	NaN	89
1	229	NaN	NaN	NaN	NaN	88
1	230	NaN	NaN	NaN	NaN	87
1	231	NaN	NaN	NaN	NaN	89
1	232	NaN	NaN	NaN	NaN	84
1	233	NaN	NaN	NaN	NaN	71
1	234	NaN	NaN	NaN	NaN	89
1	235	NaN	NaN	NaN	NaN	89
1	236	NaN	NaN	NaN	NaN	88
1	237	NaN	NaN	NaN	NaN	89
1	238	NaN	NaN	NaN	NaN	88
1	239	NaN	NaN	NaN	NaN	89
1	240	NaN	NaN	NaN	NaN	89
1	241	NaN	NaN	NaN	NaN	89
1	242	NaN	NaN	NaN	NaN	89
1	243	NaN	NaN	NaN	NaN	89
1	244	NaN	NaN	NaN	NaN	89
1	245	NaN	NaN	NaN	NaN	89
1	246	NaN	NaN	NaN	NaN	80
1	247	NaN	NaN	NaN	NaN	89
1	248	NaN	NaN	NaN	NaN	83
1	249	NaN	NaN	NaN	NaN	84
1	250	NaN	NaN	NaN	NaN	80
1	251	NaN	NaN	NaN	NaN	74
1	252	NaN	NaN	NaN	NaN	89
1	253	NaN	NaN	NaN	NaN	89
1	254	NaN	NaN	NaN	NaN	89
1	255	NaN	NaN	NaN	NaN	86
1	256	NaN	NaN	NaN	NaN	88
1	257	NaN	NaN	NaN	NaN	89
1	258	NaN	NaN	NaN	NaN	89
1	259	NaN	NaN	NaN	NaN	89
1	260	NaN	NaN	NaN	NaN	89
1	261	NaN	NaN	NaN	NaN	89
1	262	NaN	NaN	NaN	NaN	87
1	263	NaN	NaN	NaN	NaN	88
1	264	NaN	NaN	NaN	NaN	89
1	265	NaN	NaN	NaN	NaN	88
1	266	NaN	NaN	NaN	NaN	83
1	267	NaN	NaN	NaN	NaN	89
1	268	NaN	NaN	NaN	NaN	86
1	269	NaN	NaN	NaN	NaN	89
1	270	NaN	NaN	NaN	NaN	89
1	271	NaN	NaN	NaN	NaN	88
1	272	NaN	NaN	NaN	NaN	89
1	273	NaN	NaN	NaN	NaN	89
1	274	NaN	NaN	NaN	NaN	89
1	275	NaN	NaN	NaN	NaN	89
1	276	NaN	NaN	NaN	NaN	89
1	277	NaN	NaN	NaN	NaN	89
1	278	NaN	NaN	NaN	NaN	84
1	279	NaN	NaN	NaN	NaN	87
1	280	NaN	NaN	NaN	NaN	88
1	281	NaN	NaN	NaN	NaN	85
1	282	NaN	NaN	NaN	NaN	89
1	283	NaN	NaN	NaN	NaN	88
1	284	NaN	NaN	NaN	NaN	89
1	285	NaN	NaN	NaN	NaN	88
1	286	NaN	NaN	NaN	NaN	89
1	287	NaN	NaN	NaN	NaN	85
1	288	NaN	NaN	NaN	NaN	87
1	289	NaN	NaN	NaN	NaN	89
1	290	NaN	NaN	NaN	NaN	85
1	291	NaN	NaN	NaN	NaN	89
1	292	NaN	NaN	NaN	NaN	87
1	293	NaN	NaN	NaN	NaN	89
1	294	NaN	NaN	NaN	NaN	83
1	295	NaN	NaN	NaN	NaN	83
1	296	NaN	NaN	NaN	NaN	89
1	297	NaN	NaN	NaN	NaN	89
1	298	NaN	NaN	NaN	NaN	89
1	299	NaN	NaN	NaN	NaN	89
1	300	NaN	NaN	NaN	NaN	88
1	301	NaN	NaN	NaN	NaN	89
1	302	NaN	NaN	NaN	NaN	84
1	303	NaN	NaN	NaN	NaN	87
1	304	NaN	NaN	NaN	NaN	89
1	305	NaN	NaN	NaN	NaN	82
1	306	NaN	NaN	NaN	NaN	89
1	307	NaN	NaN	NaN	NaN	89
1	308	NaN	NaN	NaN	NaN	89
1	309	NaN	NaN	NaN	NaN	89
1	310	NaN	NaN	NaN	NaN	86
1	311	NaN	NaN	NaN	NaN	89
1	312	NaN	NaN	NaN	NaN	89
1	313	NaN	NaN	NaN	NaN	89
1	314	NaN	NaN	NaN	NaN	89
1	315	NaN	NaN	NaN	NaN	89
1	316	NaN	NaN	NaN	NaN	89
1	317	NaN	NaN	NaN	NaN	89
1	318	NaN	NaN	NaN	NaN	89
1	319	NaN	NaN	NaN	NaN	86
1	320	NaN	NaN	NaN	NaN	85
1	321	NaN	NaN	NaN	NaN	89
1	322	NaN	NaN	NaN	NaN	86
1	323	NaN	NaN	NaN	NaN	89
1	324	NaN	NaN	NaN	NaN	89
1	325	NaN	NaN	NaN	NaN	88
1	326	NaN	NaN	NaN	NaN	89
1	327	NaN	NaN	NaN	NaN	88
1	328	NaN	NaN	NaN	NaN	88
1	329	NaN	NaN	NaN	NaN	89
1	330	NaN	NaN	NaN	NaN	89
1	331	NaN	NaN	NaN	NaN	89
1	332	NaN	NaN	NaN	NaN	89
1	333	NaN	NaN	NaN	NaN	89
1	334	NaN	NaN	NaN	NaN	89
1	335	NaN	NaN	NaN	NaN	89
1	336	NaN	NaN	NaN	NaN	89
1	337	NaN	NaN	NaN	NaN	89
2	3	NaN	NaN	NaN	NaN	84
2	4	0.9102564058835256	4.372884590044015E-9	0.057692312065192285	0.03205127767839746	78
2	5	0.6571428041194184	0.25000005302343875	5.302343875634996E-8	0.0928570898337041	70
2	6	0.9147727231311692	4.141557999326473E-9	0.056818185959739816	0.02840908676753291	88
2	7	NaN	NaN	NaN	NaN	88
2	8	0.9147727258168413	1.4558859572456515E-9	0.03409091054679505	0.05113636218047768	88
2	9	0.9127906932786444	4.395774287204826E-9	0.058139539279495216	0.02906976304608618	86
2	10	NaN	NaN	NaN	NaN	88
2	11	0.7776024447154686	0.13717028255725877	0.0689884643754406	0.016238808351832137	88
2	12	0.9166666629552148	3.711451837000512E-9	0.0535714322828804	0.029761901050452923	84
2	13	0.914772723074454	4.198273222122406E-9	0.056818186016455045	0.028409086710817686	88
2	14	0.9147727231461998	4.126527408917805E-9	0.05681818594470923	0.0284090867825635	88
2	15	0.9147727256569366	1.6157905922333591E-9	0.03409091070669968	0.05113636202057304	88
2	16	NaN	NaN	NaN	NaN	88
2	17	0.7747923806424553	0.13900072280582063	0.07003520556444132	0.01617169098728282	87
2	18	0.758301616653938	0.15647111061878927	0.03147111061878927	0.05375616210848345	88
2	19	0.7699719622839928	0.14863268887879785	0.03235361911135599	0.04904172972585332	86
2	20	NaN	NaN	NaN	NaN	87
2	21	0.7776041366291025	0.13716859064362474	0.06898677246180655	0.01624050026546618	88
2	22	0.8843385357839252	0.03043419148880212	0.05884328239789303	0.0263839903293797	88
2	23	0.7776041365364871	0.13716859073624024	0.06898677255442207	0.016240500172850666	88
2	24	NaN	NaN	NaN	NaN	80
2	25	0.9062499937107977	6.2892022423266525E-9	0.06875000628920225	0.02499999371079776	80
2	26	0.7747905873141382	0.13900251613413775	0.07003699889275845	0.01616989765896569	87
2	27	0.775724727084673	0.13603997879768007	0.07133409644473888	0.01690119767290818	85
2	28	0.9089063547957938	0.005866372476933423	0.028593645204206153	0.056633627523066575	88
2	29	0.7645084838145624	0.1502642434581649	0.07071878891271036	0.014508483814562372	88
2	30	0.7645108485930063	0.15026187867972085	0.07071642413426632	0.014510848593006413	88
2	31	0.8707688135548586	0.04400391371786874	0.08377664099059601	0.0014506317366767155	88
2	32	0.7681640865268458	0.14562901692143018	0.07091637324326924	0.015290523308454892	87
2	33	0.9135661225923464	0.005974107292711112	0.03470973947661916	0.04575003063832337	87
2	34	0.7645108476756634	0.15026187959706386	0.0707164250516093	0.014510847675663418	88
2	35	0.768927036361307	0.14673561424110262	0.07444645761459659	0.009890891782993768	83
2	36	NaN	NaN	NaN	NaN	85
2	37	0.7287745119605763	0.18501859148769953	0.006857671947469641	0.0793492246042545	87
2	38	0.7893276069826612	0.12544512029006608	0.07430875665370244	0.010918516073570292	88
2	39	0.8363399910404384	0.06991000895956155	0.08866000895956155	0.005089991040438446	80
2	40	NaN	NaN	NaN	NaN	88
2	41	0.7718657009774401	0.14290702629528707	0.006543389931650717	0.07868388279562201	88
2	42	0.8707687840138483	0.04400394325887903	0.08377667053160631	0.0014506021956664185	88
2	43	0.913793098073282	5.374993724689899E-9	0.06321839617959142	0.022988500372132712	87
2	44	0.9078174914540197	0.005975611994256146	0.034711244178164194	0.05149565237355994	87
2	45	0.7774972441995112	0.13727548307321602	0.006593664891397829	0.0786336078358749	88
2	46	NaN	NaN	NaN	NaN	87
2	47	0.9137931017500039	1.698271988554453E-9	0.03448276031896164	0.051724136232762494	87
2	48	0.8707687830495661	0.04400394422316117	0.08377667149588845	0.0014506012313842797	88
2	49	NaN	NaN	NaN	NaN	88
2	50	0.875646976927369	0.03814612652090674	0.08412313801515961	0.002083758536564525	87
2	51	0.908944231401145	0.005828495871582336	0.02287395041703688	0.06235332231023585	88
2	52	0.9024390243902439	0.006097560975609756	0.09146341463414634	0.0	82
2	53	NaN	NaN	NaN	NaN	88
2	54	NaN	NaN	NaN	NaN	88
2	55	0.8191545974099615	0.09463850603831425	0.025672988796934942	0.060533907754789194	87
2	56	0.8191545981768229	0.094638505271453	0.02567298803007368	0.060533908521650456	87
2	57	0.9089442313480344	0.0058284959246929415	0.022873950470147487	0.06235332225712524	88
2	58	0.8160630911310698	0.09870963614165741	0.019164181596202864	0.06606309113106987	88
2	59	0.6827460767130247	0.23202665055970256	0.021799377832429846	0.06342789489484288	88
2	60	0.9137930982844403	5.163835555834211E-9	0.06321839596843326	0.02298850058329088	87
2	61	0.682746078338799	0.2320266489339283	0.021799376206655553	0.06342789652061719	88
2	62	0.9046850904213165	0.006707314641974721	0.05101111211032915	0.03759648282637971	79
2	63	NaN	NaN	NaN	NaN	87
2	64	0.9077371791830292	0.0060559242652466205	0.04628580932271789	0.03992108722900625	87
2	65	0.9077371792032239	0.006055924245051839	0.0462858093025231	0.03992108724920103	87
2	66	0.9087896692855146	0.005983057987212631	0.0457557852599399	0.03947148746733282	88
2	67	0.9087896694261075	0.005983057846619752	0.04575578511934702	0.0394714876079257	88
2	68	0.7896547611166601	0.12511796615606718	0.07398160251970354	0.011245670207569187	88
2	69	NaN	NaN	NaN	NaN	88
2	70	0.8153638140875945	0.0994089131851328	0.025545276821496436	0.05968199590577628	88
2	71	0.6827460800517371	0.23202664722099023	0.021799374493717508	0.06342789823355521	88
2	72	NaN	NaN	NaN	NaN	88
2	73	NaN	NaN	NaN	NaN	88
2	74	NaN	NaN	NaN	NaN	88
2	75	0.8004124312015909	0.111352274680762	0.07605815703370317	0.012177137083943893	85
2	76	0.6827460767700659	0.23202665050266133	0.02179937777538861	0.06342789495188411	88
2	77	NaN	NaN	NaN	NaN	88
2	78	0.8184933414996958	0.0962793857730316	0.0678702948639407	0.017356977863332033	88
2	79	0.9087896696036114	0.005983057669115882	0.04575578494184315	0.039471487785429575	88
2	80	0.6851235581601188	0.23441667172493866	0.0217729935640191	0.05868677655092343	87
2	81	NaN	NaN	NaN	NaN	88
2	82	NaN	NaN	NaN	NaN	88
2	83	NaN	NaN	NaN	NaN	87
2	84	NaN	NaN	NaN	NaN	86
2	85	0.9087896694738083	0.005983057798918951	0.04575578507164623	0.039471487655626504	88
2	86	NaN	NaN	NaN	NaN	88
2	87	0.5681814538619299	0.34659127341079743	3.6431988831991946E-7	0.08522690840738441	88
2	88	NaN	NaN	NaN	NaN	88
2	89	NaN	NaN	NaN	NaN	88
2	90	0.8184933438942429	0.09627938337848439	0.0678702924693935	0.017356980257879233	88
2	91	NaN	NaN	NaN	NaN	88
2	92	NaN	NaN	NaN	NaN	87
2	93	NaN	NaN	NaN	NaN	88
2	94	0.9077371791705053	0.006055924277770558	0.046285809335241825	0.03992108721648231	87
2	95	0.908789669486668	0.005983057786059234	0.045755785058786504	0.039471487668486224	88
2	96	0.789655059090628	0.12511766818209916	0.07398130454573551	0.011245968181537213	88
2	97	NaN	NaN	NaN	NaN	88
2	98	0.9087896696070851	0.005983057665642096	0.04575578493836936	0.03947148778890336	88
2	99	0.9077371790363062	0.00605592441196969	0.04628580946944095	0.03992108708228319	87
2	100	0.90878966943114	0.005983057841587203	0.04575578511431447	0.03947148761295825	88
2	101	0.9047348578984211	0.006657547164869998	0.0446322307091738	0.04397536422753506	79
2	102	0.9077371791824066	0.006055924265869311	0.046285809323340574	0.03992108722838356	87
2	103	0.9087896695508051	0.005983057721922106	0.045755784994649384	0.03947148773262335	88
2	104	0.9163380037905849	0.006281043828462757	0.04794771049512942	0.02943324188582296	84
2	105	0.8184933412250932	0.0962793860476341	0.0678702951385432	0.017356977588729533	88
2	106	0.9088290842197609	0.005943643052966261	0.04003455214387535	0.04519272058339738	88
2	107	NaN	NaN	NaN	NaN	88
2	108	NaN	NaN	NaN	NaN	88
2	109	0.8163313409846715	0.09746176246360441	0.06872613027969639	0.017480766272027756	87
2	110	0.9087896691469003	0.005983058125826899	0.045755785398554176	0.03947148732871855	88
2	111	0.7964396915442382	0.10981030845576183	0.028560308455761824	0.06518969154423818	80
2	112	0.6827460790391866	0.23202664823354066	0.021799375506267947	0.06342789722100478	88
2	113	0.9077371791567318	0.00605592429154411	0.04628580934901537	0.03992108720270877	87
2	114	NaN	NaN	NaN	NaN	88
2	115	NaN	NaN	NaN	NaN	88
2	116	0.9087896694321652	0.005983057840562106	0.04575578511328938	0.03947148761398334	88
2	117	NaN	NaN	NaN	NaN	88
2	118	NaN	NaN	NaN	NaN	87
2	119	NaN	NaN	NaN	NaN	88
2	120	NaN	NaN	NaN	NaN	88
2	121	NaN	NaN	NaN	NaN	88
2	122	0.788352053290012	0.12642067398271528	0.06960249216453344	0.015624780562739282	88
2	123	NaN	NaN	NaN	NaN	88
2	124	0.7896550621576058	0.1251176651151214	0.07398130147875777	0.011245971248514959	88
2	125	NaN	NaN	NaN	NaN	78
2	126	NaN	NaN	NaN	NaN	87
2	127	0.7896547613065086	0.12511796596621863	0.073981602329855	0.011245670397417725	88
2	128	0.78807912612663	0.1266936011460973	0.08123905569155183	0.003988217035720893	88
2	129	NaN	NaN	NaN	NaN	88
2	130	NaN	NaN	NaN	NaN	86
2	131	0.6902366529916142	0.22453607428111313	0.06544516519020403	0.019782107537068702	88
2	132	NaN	NaN	NaN	NaN	87
2	133	0.6866496222789004	0.2271434811693754	0.06622394093949036	0.019982955612233774	87
2	134	0.7896550580538206	0.12511766921890666	0.07398130558254302	0.011245967144729712	88
2	135	NaN	NaN	NaN	NaN	88
2	136	0.6902366297997644	0.22453609747296285	0.06544518838205376	0.019782084345218953	88
2	137	NaN	NaN	NaN	NaN	82
2	138	0.6929411257807613	0.221831601491966	0.0741043287646933	0.011122943962579424	88
2	139	0.7906819281223058	0.12210876955211289	0.07559714164513615	0.01161216068044525	86
2	140	0.6902366530656231	0.2245360742071042	0.06544516511619511	0.01978210761107762	88
2	141	0.695271177900154	0.2185219255481218	0.07484376462858158	0.011363131923142556	87
2	142	NaN	NaN	NaN	NaN	87
2	143	NaN	NaN	NaN	NaN	88
2	144	0.6888477945783578	0.22394290309606085	0.06696615891001433	0.020243143415567072	86
2	145	0.6902366530740245	0.2245360741987028	0.06544516510779373	0.019782107619478996	88
2	146	0.6630387835186007	0.23696121648139937	0.07696121648139934	0.02303878351860066	75
2	147	NaN	NaN	NaN	NaN	85
2	148	0.6929411207501833	0.22183160652254388	0.07410433379527116	0.01112293893200156	88
2	149	0.6970392084666402	0.21472549741571265	0.06766667388630086	0.0205686202313462	85
2	150	0.7812114195490942	0.13258168389918157	0.07511041953136546	0.011096477020358677	87
2	151	NaN	NaN	NaN	NaN	86
2	152	0.6816993967140573	0.23307333055866988	0.05125514874048807	0.03397212398678466	88
2	153	0.6902366291540522	0.2245360981186752	0.06544518902776608	0.019782083699506646	88
2	154	NaN	NaN	NaN	NaN	81
2	155	0.6902366534184954	0.22453607385423188	0.0654451647633228	0.019782107963949924	88
2	156	NaN	NaN	NaN	NaN	87
2	157	0.74375	0.16875	0.06875	0.01875	80
2	158	0.8181825536101077	0.09659017366261953	0.08522653729898316	7.354282895672122E-7	88
2	159	0.9147727199853872	7.2873400659827096E-9	0.07386364365097643	0.011363629076296297	88
2	160	0.7955593440649078	0.1192133832078195	0.07375883775327406	0.01146843497399867	88
2	161	0.6902366532517327	0.22453607402099465	0.06544516493008555	0.01978210779718717	88
2	162	0.7896547593812511	0.1251179678914762	0.07398160425511255	0.01124566847216018	88
2	163	NaN	NaN	NaN	NaN	88
2	164	NaN	NaN	NaN	NaN	88
2	165	0.6902366298136777	0.2245360974590495	0.0654451883681404	0.01978208435913233	88
2	166	NaN	NaN	NaN	NaN	87
2	167	0.6924510346283425	0.2213420688199334	0.06616965502682995	0.02003724152489419	87
2	168	NaN	NaN	NaN	NaN	88
2	169	NaN	NaN	NaN	NaN	88
2	170	NaN	NaN	NaN	NaN	85
2	171	0.6902366530586043	0.22453607421412308	0.06544516512321398	0.019782107604058755	88
2	172	0.6902366530851541	0.22453607418757313	0.06544516509666404	0.019782107630608694	88
2	173	0.6924510090778244	0.22134209437045144	0.06616968057734798	0.020037215974376157	87
2	174	0.6902366530458995	0.22453607422682778	0.06544516513591869	0.019782107591354032	88
2	175	0.690236629579604	0.22453609769312333	0.06544518860221421	0.01978208412505852	88
2	176	NaN	NaN	NaN	NaN	88
2	177	0.6902366297139606	0.22453609755876666	0.06544518846785757	0.019782084259415147	88
2	178	0.8023102123730087	0.11246251489971862	0.07268978762699134	0.012537485100281387	88
2	179	NaN	NaN	NaN	NaN	87
2	180	0.6902366530803948	0.2245360741923325	0.06544516510142341	0.019782107625849314	88
2	181	NaN	NaN	NaN	NaN	88
2	182	NaN	NaN	NaN	NaN	88
2	183	0.6852662010092158	0.2323808578143137	0.06179262252019605	0.020560318656274536	85
2	184	0.6902366298538161	0.22453609741891115	0.06544518832800207	0.019782084399270664	88
2	185	0.6902366288655545	0.22453609840717279	0.0654451893162637	0.019782083411009035	88
2	186	0.7896550574566185	0.12511766981610878	0.07398130617974515	0.011245966547527575	88
2	187	NaN	NaN	NaN	NaN	88
2	188	NaN	NaN	NaN	NaN	88
2	189	0.6922851364452551	0.22248759082747213	0.06907849991838123	0.0161487728088915	88
2	190	0.9080459770114943	0.005747126436781609	0.08620689655172414	0.0	87
2	191	0.6902366298254115	0.2245360974473159	0.06544518835640681	0.019782084370865923	88
2	192	0.6922852733531007	0.22248745391962652	0.06907836301053559	0.016148909716737134	88
2	193	NaN	NaN	NaN	NaN	87
2	194	NaN	NaN	NaN	NaN	88
2	195	0.798422576075097	0.13578795024069237	0.0634195291880608	0.0023699444961497156	76
2	196	0.6922852749126368	0.2224874523600904	0.0690783614509995	0.01614891127627322	88
2	197	0.6886883485419395	0.22510475490633633	0.06993234111323288	0.016274555438491253	87
2	198	NaN	NaN	NaN	NaN	88
2	199	0.6875033669055328	0.2272693603671945	0.08522390582173996	3.3669055327660914E-6	88
2	200	0.681238060783021	0.2305266450993319	0.0717031156875672	0.016532178430079862	85
2	201	NaN	NaN	NaN	NaN	88
2	202	0.6512403368305456	0.26353239044218174	0.05898693589672716	0.026240336830545566	88
2	203	0.4744345481560727	0.43410203720978097	0.04995569574636633	0.041507718887780015	82
2	204	0.6512403379002648	0.26353238937246243	0.05898693482700789	0.02624033790026484	88
2	205	NaN	NaN	NaN	NaN	80
2	206	0.7675667956017953	0.1462263078464806	0.07151366416831968	0.014693232383404456	87
2	207	NaN	NaN	NaN	NaN	88
2	208	0.752327791312196	0.1624449359605313	0.07153584505144041	0.013691427675832323	88
2	209	0.6262528704473784	0.2885198568253488	0.055565311370803346	0.029661961356469382	88
2	210	0.7494475039142545	0.1623172019680984	0.07408190785045135	0.014153386267195716	85
2	211	0.9036144578313253	0.006024096385542169	0.09036144578313253	0.0	83
2	212	0.5582906699404416	0.35648205733228566	0.038300239150467486	0.046927033576805235	88
2	213	0.7205708061095839	0.19322229733869198	0.055291262855933325	0.030915633695790812	87
2	214	0.8986486486486487	0.013513513513513514	0.08783783783783784	0.0	74
2	215	0.7238985918832003	0.19087413538952702	0.05451049902589066	0.03071677370138207	88
2	216	NaN	NaN	NaN	NaN	88
2	217	NaN	NaN	NaN	NaN	86
2	218	0.7295432784857975	0.18324741918862114	0.0553404424444351	0.03186885988114629	86
2	219	0.5727520003881459	0.34202072688458135	0.04088436324821771	0.04434290947905501	88
2	220	0.8779527459569991	0.03276153975728664	0.08038058737633426	0.008905126909380022	84
2	221	0.8495029472533817	0.06328775042103689	0.06910170390940898	0.01810759841617241	86
2	222	0.8485048048290146	0.06612934151244883	0.06612934151244883	0.01923651214608775	82
2	223	NaN	NaN	NaN	NaN	87
2	224	0.8257925666130469	0.08800053683522893	0.0707591575248841	0.015447739026840043	87
2	225	0.7136651644996928	0.19809954138266012	0.05692307079442486	0.031312223323222206	85
2	226	0.8530824110242644	0.061690316248462954	0.06737213443028113	0.017855138296991594	88
2	227	NaN	NaN	NaN	NaN	87
2	228	0.7238985917368654	0.1908741355358619	0.05451049917222555	0.030716773555047174	88
2	229	0.896551724137931	0.017241379310344827	0.08620689655172414	0.0	87
2	230	0.8559128384343428	0.05687785924007571	0.0685057662168199	0.018703536108761496	86
2	231	0.8530824059915861	0.06169032128114115	0.06737213946295934	0.017855133264313403	88
2	232	0.8564813786846741	0.0652053683032777	0.0652053683032777	0.013107884708770499	83
2	233	0.7754898893529107	0.1316529677899464	0.06022439636137497	0.03263274649576789	70
2	234	NaN	NaN	NaN	NaN	88
2	235	0.8530827586298732	0.06168996864285404	0.06737178682467222	0.017855485902600502	88
2	236	0.7213452769714431	0.19819495291361428	0.048769665557292424	0.031690104557650096	87
2	237	0.8530827571094451	0.06168997016328211	0.06737178834510028	0.01785548438217244	88
2	238	0.8196052037136276	0.09993502617142994	0.06545226755074028	0.015007502564202245	87
2	239	0.790543607120787	0.12422912015194036	0.06741093833375854	0.017816334393514186	88
2	240	NaN	NaN	NaN	NaN	88
2	241	0.7840901917969998	0.1306825354757275	0.0681825354757275	0.01704473725154523	88
2	242	NaN	NaN	NaN	NaN	88
2	243	0.9090909090909091	0.005681818181818182	0.08522727272727272	0.0	88
2	244	NaN	NaN	NaN	NaN	88
2	245	0.8530824093564615	0.06169031791626567	0.06737213609808385	0.017855136629188875	88
2	246	0.8354427945956302	0.06962049654361027	0.0759496104676609	0.018987098393098593	79
2	247	0.7178556487289908	0.19691707854373652	0.05487162399828198	0.030355648728990756	88
2	248	0.8745325141565676	0.040101632184895694	0.07668699803855422	0.008678855619982356	82
2	249	0.9216867399585406	7.0294112759521465E-9	0.07228916365591731	0.006024089356130893	83
2	250	0.8924050632911392	0.012658227848101266	0.0949367088607595	0.0	79
2	251	0.7824659743747814	0.1284929297348077	0.05999977904987617	0.02904131684053478	73
2	252	0.8457025120241941	0.06907021524853317	0.08043385161216954	0.004793421115103193	88
2	253	0.8530824103580007	0.061690316914726456	0.06737213509654463	0.01785513763072809	88
2	254	0.8160429926013044	0.09872973467142282	0.06463882558051372	0.02058844714675901	88
2	255	0.7207209374153323	0.19692612140819718	0.0498672978787854	0.032485643297685184	85
2	256	NaN	NaN	NaN	NaN	87
2	257	0.7178556430562147	0.19691708421651244	0.0548716296710579	0.030355643056214823	88
2	258	NaN	NaN	NaN	NaN	88
2	259	NaN	NaN	NaN	NaN	88
2	260	NaN	NaN	NaN	NaN	88
2	261	0.827899857659953	0.08687286961277424	0.0698274150673197	0.015399857659953026	88
2	262	0.9011627906976745	0.011627906976744186	0.0872093023255814	0.0	86
2	263	NaN	NaN	NaN	NaN	87
2	264	0.8530824087991515	0.06169031847357573	0.0673721366553939	0.017855136071878816	88
2	265	0.896551724137931	0.022988505747126436	0.08045977011494253	0.0	87
2	266	NaN	NaN	NaN	NaN	82
2	267	0.8593253038359658	0.05544742343676148	0.06681105980039784	0.018416212926874894	88
2	268	0.8235304527185451	0.09411660610498433	0.08235190022263139	1.0409538391975495E-6	85
2	269	NaN	NaN	NaN	NaN	88
2	270	NaN	NaN	NaN	NaN	88
2	271	0.7116414838936295	0.2021516195546464	0.06422058507188776	0.021986311479836377	87
2	272	NaN	NaN	NaN	NaN	88
2	273	NaN	NaN	NaN	NaN	88
2	274	0.8977272727272727	0.017045454545454544	0.08522727272727272	0.0	88
2	275	0.6997062594904204	0.21506646778230687	0.05597555869139778	0.02925171403587495	88
2	276	NaN	NaN	NaN	NaN	88
2	277	0.812264466963515	0.1025082603092124	0.06273553303648512	0.022491739690787615	88
2	278	0.8855421686746988	0.030120481927710843	0.08433734939759036	0.0	83
2	279	0.6814614887339411	0.2371431624288496	0.05691060428931472	0.024484744547894587	86
2	280	0.5083649852345037	0.4054281182137721	0.02611777338618594	0.060089123165538195	87
2	281	NaN	NaN	NaN	NaN	84
2	282	0.6754759987950862	0.23929672847764108	0.057478546659459256	0.027748726067813475	88
2	283	NaN	NaN	NaN	NaN	87
2	284	NaN	NaN	NaN	NaN	88
2	285	NaN	NaN	NaN	NaN	87
2	286	0.5885495417753063	0.32622318549742096	0.053495912770148264	0.03173135995712447	88
2	287	0.8513409529353253	0.05937333277896034	0.08318285658848415	0.006102857697230137	84
2	288	NaN	NaN	NaN	NaN	86
2	289	NaN	NaN	NaN	NaN	88
2	290	0.6810132004071032	0.23565346625956343	0.06303441864051579	0.02029891469281754	84
2	291	NaN	NaN	NaN	NaN	88
2	292	0.6699991701113996	0.24860548105139102	0.06255896942348405	0.01883637941372526	86
2	293	0.676709215734898	0.23806351153782934	0.061927147901465696	0.023300124825807032	88
2	294	0.6438143686912927	0.26472221667456086	0.06350270447943893	0.02796071015470741	82
2	295	0.6807739118217785	0.2399577954952947	0.07532364915383127	0.003944643529095551	82
2	296	0.6767092184866971	0.23806350878603014	0.06192714514966651	0.023300127577606213	88
2	297	0.9147727189406616	8.332065707207136E-9	0.07954546287752025	0.0056818098497524745	88
2	298	0.6767092164279115	0.2380635108448158	0.06192714720845216	0.02330012551882056	88
2	299	NaN	NaN	NaN	NaN	88
2	300	0.6790395831145053	0.23475352033377056	0.06233972723032225	0.023867169321401885	87
2	301	0.8392898026038879	0.07548292466883934	0.08116474285065751	0.004062529876615212	88
2	302	0.9036144578313253	0.006024096385542169	0.09036144578313253	0.0	83
2	303	0.6056352193116528	0.312969431851138	0.06296943185113801	0.018425916986071298	86
2	304	0.8392933290592733	0.07547939821345398	0.08116121639527217	0.004066056332000562	88
2	305	0.5959841783497498	0.32376890807000325	0.064509648810744	0.015737264769502917	81
2	306	NaN	NaN	NaN	NaN	88
2	307	0.7003184442785084	0.2144542829942189	0.06104519208512798	0.024182080642144745	88
2	308	NaN	NaN	NaN	NaN	88
2	309	0.7003184428627992	0.21445428440992798	0.061045193500837064	0.02418207922643566	88
2	310	0.8332194158310248	0.07854529005132817	0.08442764299250463	0.0038076511251424255	85
2	311	0.7757189938579799	0.13905373341474736	0.06519009705111099	0.020037175676161742	88
2	312	0.8068919654332208	0.10788076183950643	0.0851534891122337	7.378361503902964E-5	88
2	313	NaN	NaN	NaN	NaN	88
2	314	0.8068269747300374	0.10794575254268986	0.08521847981541714	8.792911855600513E-6	88
2	315	NaN	NaN	NaN	NaN	88
2	316	0.8068836787672066	0.10788904850552063	0.0851617757782479	6.549694902482499E-5	88
2	317	0.8068951639234219	0.1078775633493053	0.08515029062203258	7.698210524015024E-5	88
2	318	0.8068236279730752	0.10794909929965212	0.08522182657237938	5.446154893347028E-6	88
2	319	0.8086125667493029	0.10903449207422651	0.07374037442716769	0.008612566749302908	85
2	320	0.5087643288526736	0.4019499568616121	0.026949956861612084	0.062335757424102196	84
2	321	0.8151752175477082	0.09959750972501914	0.07687023699774641	0.008357035729526325	88
2	322	0.5470669434263051	0.36469776245604785	0.08822717422075374	8.119896893323942E-6	85
2	323	0.46417785395839056	0.4505948733143367	0.0358221460416094	0.049405126685663325	88
2	324	NaN	NaN	NaN	NaN	88
2	325	0.7797324752380119	0.13406062821026388	0.07084223740566617	0.01536465914605796	87
2	326	0.8960273720594785	0.018745355213248813	0.08124535521324881	0.003981917514023915	88
2	327	0.7791857174243452	0.1346073860239308	0.06564186878255149	0.02056502776917265	87
2	328	NaN	NaN	NaN	NaN	87
2	329	0.8960273676674378	0.018745359605289547	0.08124535960528954	0.003981913121983181	88
2	330	0.8960273730970472	0.01874535417568003	0.08124535417568003	0.0039819185515927	88
2	331	NaN	NaN	NaN	NaN	88
2	332	0.7500092041129028	0.16476352315982445	0.0852180686143699	9.204112902829062E-6	88
2	333	0.4675612704717547	0.4472114568009726	0.04948418407369987	0.035743088653572855	88
2	334	0.4613949408921074	0.4533777863806199	0.03860505910789258	0.04662221361938015	88
2	335	0.6305362207603084	0.28423650651241894	0.051281961057873485	0.03394531166939924	88
2	336	0.8707687904150919	0.04400393685763542	0.0837766641303627	0.0014506085969100324	88
2	337	NaN	NaN	NaN	NaN	88
3	4	NaN	NaN	NaN	NaN	80
3	5	NaN	NaN	NaN	NaN	72
3	6	NaN	NaN	NaN	NaN	86
3	7	NaN	NaN	NaN	NaN	86
3	8	NaN	NaN	NaN	NaN	85
3	9	NaN	NaN	NaN	NaN	85
3	10	NaN	NaN	NaN	NaN	86
3	11	NaN	NaN	NaN	NaN	86
3	12	NaN	NaN	NaN	NaN	83
3	13	NaN	NaN	NaN	NaN	86
3	14	NaN	NaN	NaN	NaN	86
3	15	NaN	NaN	NaN	NaN	86
3	16	NaN	NaN	NaN	NaN	86
3	17	NaN	NaN	NaN	NaN	85
3	18	NaN	NaN	NaN	NaN	86
3	19	NaN	NaN	NaN	NaN	84
3	20	NaN	NaN	NaN	NaN	85
3	21	NaN	NaN	NaN	NaN	85
3	22	NaN	NaN	NaN	NaN	86
3	23	NaN	NaN	NaN	NaN	86
3	24	NaN	NaN	NaN	NaN	80
3	25	NaN	NaN	NaN	NaN	79
3	26	NaN	NaN	NaN	NaN	84
3	27	NaN	NaN	NaN	NaN	83
3	28	NaN	NaN	NaN	NaN	86
3	29	NaN	NaN	NaN	NaN	86
3	30	NaN	NaN	NaN	NaN	86
3	31	NaN	NaN	NaN	NaN	85
3	32	NaN	NaN	NaN	NaN	85
3	33	NaN	NaN	NaN	NaN	85
3	34	NaN	NaN	NaN	NaN	86
3	35	NaN	NaN	NaN	NaN	81
3	36	NaN	NaN	NaN	NaN	84
3	37	NaN	NaN	NaN	NaN	84
3	38	NaN	NaN	NaN	NaN	86
3	39	NaN	NaN	NaN	NaN	78
3	40	NaN	NaN	NaN	NaN	86
3	41	NaN	NaN	NaN	NaN	86
3	42	NaN	NaN	NaN	NaN	86
3	43	NaN	NaN	NaN	NaN	85
3	44	NaN	NaN	NaN	NaN	85
3	45	NaN	NaN	NaN	NaN	86
3	46	NaN	NaN	NaN	NaN	85
3	47	NaN	NaN	NaN	NaN	84
3	48	NaN	NaN	NaN	NaN	86
3	49	NaN	NaN	NaN	NaN	86
3	50	NaN	NaN	NaN	NaN	84
3	51	NaN	NaN	NaN	NaN	86
3	52	NaN	NaN	NaN	NaN	82
3	53	NaN	NaN	NaN	NaN	86
3	54	NaN	NaN	NaN	NaN	85
3	55	NaN	NaN	NaN	NaN	84
3	56	NaN	NaN	NaN	NaN	84
3	57	NaN	NaN	NaN	NaN	86
3	58	NaN	NaN	NaN	NaN	85
3	59	NaN	NaN	NaN	NaN	86
3	60	NaN	NaN	NaN	NaN	85
3	61	NaN	NaN	NaN	NaN	86
3	62	NaN	NaN	NaN	NaN	77
3	63	NaN	NaN	NaN	NaN	84
3	64	NaN	NaN	NaN	NaN	85
3	65	NaN	NaN	NaN	NaN	86
3	66	NaN	NaN	NaN	NaN	86
3	67	NaN	NaN	NaN	NaN	86
3	68	NaN	NaN	NaN	NaN	86
3	69	NaN	NaN	NaN	NaN	86
3	70	NaN	NaN	NaN	NaN	86
3	71	NaN	NaN	NaN	NaN	85
3	72	NaN	NaN	NaN	NaN	86
3	73	NaN	NaN	NaN	NaN	86
3	74	NaN	NaN	NaN	NaN	86
3	75	NaN	NaN	NaN	NaN	84
3	76	NaN	NaN	NaN	NaN	86
3	77	NaN	NaN	NaN	NaN	86
3	78	NaN	NaN	NaN	NaN	86
3	79	NaN	NaN	NaN	NaN	86
3	80	NaN	NaN	NaN	NaN	84
3	81	NaN	NaN	NaN	NaN	86
3	82	NaN	NaN	NaN	NaN	86
3	83	NaN	NaN	NaN	NaN	84
3	84	NaN	NaN	NaN	NaN	83
3	85	NaN	NaN	NaN	NaN	85
3	86	NaN	NaN	NaN	NaN	85
3	87	NaN	NaN	NaN	NaN	86
3	88	NaN	NaN	NaN	NaN	86
3	89	NaN	NaN	NaN	NaN	86
3	90	NaN	NaN	NaN	NaN	85
3	91	NaN	NaN	NaN	NaN	86
3	92	NaN	NaN	NaN	NaN	85
3	93	NaN	NaN	NaN	NaN	86
3	94	NaN	NaN	NaN	NaN	85
3	95	NaN	NaN	NaN	NaN	86
3	96	NaN	NaN	NaN	NaN	85
3	97	NaN	NaN	NaN	NaN	86
3	98	NaN	NaN	NaN	NaN	86
3	99	NaN	NaN	NaN	NaN	84
3	100	NaN	NaN	NaN	NaN	85
3	101	NaN	NaN	NaN	NaN	78
3	102	NaN	NaN	NaN	NaN	85
3	103	NaN	NaN	NaN	NaN	85
3	104	NaN	NaN	NaN	NaN	82
3	105	NaN	NaN	NaN	NaN	86
3	106	NaN	NaN	NaN	NaN	86
3	107	NaN	NaN	NaN	NaN	86
3	108	NaN	NaN	NaN	NaN	86
3	109	NaN	NaN	NaN	NaN	86
3	110	NaN	NaN	NaN	NaN	86
3	111	NaN	NaN	NaN	NaN	79
3	112	NaN	NaN	NaN	NaN	86
3	113	NaN	NaN	NaN	NaN	84
3	114	NaN	NaN	NaN	NaN	86
3	115	NaN	NaN	NaN	NaN	86
3	116	NaN	NaN	NaN	NaN	85
3	117	NaN	NaN	NaN	NaN	86
3	118	NaN	NaN	NaN	NaN	85
3	119	NaN	NaN	NaN	NaN	85
3	120	NaN	NaN	NaN	NaN	86
3	121	NaN	NaN	NaN	NaN	86
3	122	NaN	NaN	NaN	NaN	85
3	123	NaN	NaN	NaN	NaN	86
3	124	NaN	NaN	NaN	NaN	85
3	125	NaN	NaN	NaN	NaN	77
3	126	NaN	NaN	NaN	NaN	84
3	127	NaN	NaN	NaN	NaN	85
3	128	NaN	NaN	NaN	NaN	85
3	129	NaN	NaN	NaN	NaN	85
3	130	NaN	NaN	NaN	NaN	83
3	131	NaN	NaN	NaN	NaN	85
3	132	NaN	NaN	NaN	NaN	85
3	133	NaN	NaN	NaN	NaN	84
3	134	NaN	NaN	NaN	NaN	86
3	135	NaN	NaN	NaN	NaN	85
3	136	NaN	NaN	NaN	NaN	85
3	137	NaN	NaN	NaN	NaN	82
3	138	NaN	NaN	NaN	NaN	85
3	139	NaN	NaN	NaN	NaN	83
3	140	NaN	NaN	NaN	NaN	86
3	141	NaN	NaN	NaN	NaN	84
3	142	NaN	NaN	NaN	NaN	85
3	143	NaN	NaN	NaN	NaN	85
3	144	NaN	NaN	NaN	NaN	83
3	145	NaN	NaN	NaN	NaN	85
3	146	NaN	NaN	NaN	NaN	76
3	147	NaN	NaN	NaN	NaN	83
3	148	NaN	NaN	NaN	NaN	85
3	149	NaN	NaN	NaN	NaN	83
3	150	NaN	NaN	NaN	NaN	85
3	151	NaN	NaN	NaN	NaN	83
3	152	NaN	NaN	NaN	NaN	85
3	153	NaN	NaN	NaN	NaN	86
3	154	NaN	NaN	NaN	NaN	79
3	155	NaN	NaN	NaN	NaN	85
3	156	NaN	NaN	NaN	NaN	85
3	157	NaN	NaN	NaN	NaN	78
3	158	NaN	NaN	NaN	NaN	86
3	159	NaN	NaN	NaN	NaN	86
3	160	NaN	NaN	NaN	NaN	85
3	161	NaN	NaN	NaN	NaN	86
3	162	NaN	NaN	NaN	NaN	86
3	163	NaN	NaN	NaN	NaN	86
3	164	NaN	NaN	NaN	NaN	86
3	165	NaN	NaN	NaN	NaN	86
3	166	NaN	NaN	NaN	NaN	86
3	167	NaN	NaN	NaN	NaN	84
3	168	NaN	NaN	NaN	NaN	86
3	169	NaN	NaN	NaN	NaN	86
3	170	NaN	NaN	NaN	NaN	82
3	171	NaN	NaN	NaN	NaN	86
3	172	NaN	NaN	NaN	NaN	86
3	173	NaN	NaN	NaN	NaN	85
3	174	NaN	NaN	NaN	NaN	85
3	175	NaN	NaN	NaN	NaN	85
3	176	NaN	NaN	NaN	NaN	86
3	177	NaN	NaN	NaN	NaN	85
3	178	NaN	NaN	NaN	NaN	86
3	179	NaN	NaN	NaN	NaN	84
3	180	NaN	NaN	NaN	NaN	86
3	181	NaN	NaN	NaN	NaN	86
3	182	NaN	NaN	NaN	NaN	85
3	183	NaN	NaN	NaN	NaN	83
3	184	NaN	NaN	NaN	NaN	86
3	185	NaN	NaN	NaN	NaN	85
3	186	NaN	NaN	NaN	NaN	86
3	187	NaN	NaN	NaN	NaN	85
3	188	NaN	NaN	NaN	NaN	86
3	189	NaN	NaN	NaN	NaN	86
3	190	NaN	NaN	NaN	NaN	84
3	191	NaN	NaN	NaN	NaN	85
3	192	NaN	NaN	NaN	NaN	85
3	193	NaN	NaN	NaN	NaN	85
3	194	NaN	NaN	NaN	NaN	86
3	195	NaN	NaN	NaN	NaN	73
3	196	NaN	NaN	NaN	NaN	85
3	197	NaN	NaN	NaN	NaN	85
3	198	NaN	NaN	NaN	NaN	86
3	199	NaN	NaN	NaN	NaN	86
3	200	NaN	NaN	NaN	NaN	83
3	201	NaN	NaN	NaN	NaN	85
3	202	NaN	NaN	NaN	NaN	86
3	203	NaN	NaN	NaN	NaN	80
3	204	NaN	NaN	NaN	NaN	85
3	205	NaN	NaN	NaN	NaN	79
3	206	NaN	NaN	NaN	NaN	84
3	207	NaN	NaN	NaN	NaN	85
3	208	NaN	NaN	NaN	NaN	86
3	209	NaN	NaN	NaN	NaN	85
3	210	NaN	NaN	NaN	NaN	83
3	211	NaN	NaN	NaN	NaN	81
3	212	NaN	NaN	NaN	NaN	86
3	213	NaN	NaN	NaN	NaN	84
3	214	NaN	NaN	NaN	NaN	72
3	215	NaN	NaN	NaN	NaN	86
3	216	NaN	NaN	NaN	NaN	86
3	217	NaN	NaN	NaN	NaN	85
3	218	NaN	NaN	NaN	NaN	84
3	219	NaN	NaN	NaN	NaN	85
3	220	NaN	NaN	NaN	NaN	82
3	221	NaN	NaN	NaN	NaN	84
3	222	NaN	NaN	NaN	NaN	79
3	223	NaN	NaN	NaN	NaN	85
3	224	NaN	NaN	NaN	NaN	85
3	225	NaN	NaN	NaN	NaN	83
3	226	NaN	NaN	NaN	NaN	85
3	227	NaN	NaN	NaN	NaN	85
3	228	NaN	NaN	NaN	NaN	86
3	229	NaN	NaN	NaN	NaN	85
3	230	NaN	NaN	NaN	NaN	84
3	231	NaN	NaN	NaN	NaN	85
3	232	NaN	NaN	NaN	NaN	81
3	233	NaN	NaN	NaN	NaN	69
3	234	NaN	NaN	NaN	NaN	86
3	235	NaN	NaN	NaN	NaN	85
3	236	NaN	NaN	NaN	NaN	85
3	237	NaN	NaN	NaN	NaN	86
3	238	NaN	NaN	NaN	NaN	85
3	239	NaN	NaN	NaN	NaN	86
3	240	NaN	NaN	NaN	NaN	85
3	241	NaN	NaN	NaN	NaN	85
3	242	NaN	NaN	NaN	NaN	85
3	243	NaN	NaN	NaN	NaN	85
3	244	NaN	NaN	NaN	NaN	85
3	245	NaN	NaN	NaN	NaN	86
3	246	NaN	NaN	NaN	NaN	77
3	247	NaN	NaN	NaN	NaN	86
3	248	NaN	NaN	NaN	NaN	79
3	249	NaN	NaN	NaN	NaN	81
3	250	NaN	NaN	NaN	NaN	78
3	251	NaN	NaN	NaN	NaN	72
3	252	NaN	NaN	NaN	NaN	86
3	253	NaN	NaN	NaN	NaN	86
3	254	NaN	NaN	NaN	NaN	85
3	255	NaN	NaN	NaN	NaN	83
3	256	NaN	NaN	NaN	NaN	85
3	257	NaN	NaN	NaN	NaN	86
3	258	NaN	NaN	NaN	NaN	86
3	259	NaN	NaN	NaN	NaN	85
3	260	NaN	NaN	NaN	NaN	85
3	261	NaN	NaN	NaN	NaN	86
3	262	NaN	NaN	NaN	NaN	84
3	263	NaN	NaN	NaN	NaN	85
3	264	NaN	NaN	NaN	NaN	85
3	265	NaN	NaN	NaN	NaN	85
3	266	NaN	NaN	NaN	NaN	80
3	267	NaN	NaN	NaN	NaN	85
3	268	NaN	NaN	NaN	NaN	83
3	269	NaN	NaN	NaN	NaN	86
3	270	NaN	NaN	NaN	NaN	86
3	271	NaN	NaN	NaN	NaN	85
3	272	NaN	NaN	NaN	NaN	86
3	273	NaN	NaN	NaN	NaN	85
3	274	NaN	NaN	NaN	NaN	86
3	275	NaN	NaN	NaN	NaN	85
3	276	NaN	NaN	NaN	NaN	85
3	277	NaN	NaN	NaN	NaN	86
3	278	NaN	NaN	NaN	NaN	81
3	279	NaN	NaN	NaN	NaN	84
3	280	NaN	NaN	NaN	NaN	84
3	281	NaN	NaN	NaN	NaN	83
3	282	NaN	NaN	NaN	NaN	86
3	283	NaN	NaN	NaN	NaN	85
3	284	NaN	NaN	NaN	NaN	86
3	285	NaN	NaN	NaN	NaN	85
3	286	NaN	NaN	NaN	NaN	86
3	287	NaN	NaN	NaN	NaN	82
3	288	NaN	NaN	NaN	NaN	84
3	289	NaN	NaN	NaN	NaN	86
3	290	NaN	NaN	NaN	NaN	82
3	291	NaN	NaN	NaN	NaN	86
3	292	NaN	NaN	NaN	NaN	84
3	293	NaN	NaN	NaN	NaN	86
3	294	NaN	NaN	NaN	NaN	80
3	295	NaN	NaN	NaN	NaN	81
3	296	NaN	NaN	NaN	NaN	86
3	297	NaN	NaN	NaN	NaN	86
3	298	NaN	NaN	NaN	NaN	86
3	299	NaN	NaN	NaN	NaN	86
3	300	NaN	NaN	NaN	NaN	85
3	301	NaN	NaN	NaN	NaN	86
3	302	NaN	NaN	NaN	NaN	82
3	303	NaN	NaN	NaN	NaN	84
3	304	NaN	NaN	NaN	NaN	86
3	305	NaN	NaN	NaN	NaN	80
3	306	NaN	NaN	NaN	NaN	86
3	307	NaN	NaN	NaN	NaN	86
3	308	NaN	NaN	NaN	NaN	86
3	309	NaN	NaN	NaN	NaN	86
3	310	NaN	NaN	NaN	NaN	83
3	311	NaN	NaN	NaN	NaN	86
3	312	NaN	NaN	NaN	NaN	85
3	313	NaN	NaN	NaN	NaN	86
3	314	NaN	NaN	NaN	NaN	86
3	315	NaN	NaN	NaN	NaN	85
3	316	NaN	NaN	NaN	NaN	86
3	317	NaN	NaN	NaN	NaN	86
3	318	NaN	NaN	NaN	NaN	86
3	319	NaN	NaN	NaN	NaN	83
3	320	NaN	NaN	NaN	NaN	82
3	321	NaN	NaN	NaN	NaN	85
3	322	NaN	NaN	NaN	NaN	83
3	323	NaN	NaN	NaN	NaN	86
3	324	NaN	NaN	NaN	NaN	86
3	325	NaN	NaN	NaN	NaN	85
3	326	NaN	NaN	NaN	NaN	86
3	327	NaN	NaN	NaN	NaN	85
3	328	NaN	NaN	NaN	NaN	85
3	329	NaN	NaN	NaN	NaN	86
3	330	NaN	NaN	NaN	NaN	86
3	331	NaN	NaN	NaN	NaN	86
3	332	NaN	NaN	NaN	NaN	86
3	333	NaN	NaN	NaN	NaN	86
3	334	NaN	NaN	NaN	NaN	86
3	335	NaN	NaN	NaN	NaN	86
3	336	NaN	NaN	NaN	NaN	85
3	337	NaN	NaN	NaN	NaN	85
4	5	0.6666664664567465	0.29710164948528245	2.0020992013373037E-7	0.03623168384805088	69
4	6	0.96875	0.0	0.0	0.03125	80
4	7	NaN	NaN	NaN	NaN	80
4	8	0.9177215189873418	0.05063291139240506	0.03164556962025317	0.0	79
4	9	0.9683544303797469	0.0	0.0	0.03164556962025317	79
4	10	NaN	NaN	NaN	NaN	80
4	11	0.80625	0.1625	0.03125	0.0	80
4	12	0.9675324675324676	0.0	0.0	0.032467532467532464	77
4	13	0.96875	0.0	0.0	0.03125	80
4	14	0.96875	0.0	0.0	0.03125	80
4	15	0.91875	0.05	0.03125	0.0	80
4	16	NaN	NaN	NaN	NaN	80
4	17	0.8037974683544303	0.16455696202531644	0.03164556962025317	0.0	79
4	18	0.75	0.21875	0.03125	0.0	80
4	19	0.7628205128205128	0.20512820512820512	0.03205128205128205	0.0	78
4	20	NaN	NaN	NaN	NaN	79
4	21	0.810126582278481	0.15822784810126583	0.03164556962025317	0.0	79
